[gd_scene load_steps=5 format=3 uid="uid://22u5mjfua8th"]

[ext_resource type="PackedScene" uid="uid://c3hf1ojkyps7b" path="res://Collision/tree.tscn" id="1_pf7po"]

[sub_resource type="BoxMesh" id="BoxMesh_5dn6e"]

[sub_resource type="BoxShape3D" id="BoxShape3D_pf7po"]
size = Vector3(12, 0.3, 30)

[sub_resource type="Environment" id="Environment_5dn6e"]
background_mode = 1
background_color = Color(0.68396026, 0.7890422, 1, 1)

[node name="Collision_Root" type="Node3D"]

[node name="Ground" type="StaticBody3D" parent="."]

[node name="Ground" type="MeshInstance3D" parent="Ground"]
transform = Transform3D(12, 0, 0, 0, 0.2819078, 10.260604, 0, -0.10260604, 28.190779, 0, 0, 0)
mesh = SubResource("BoxMesh_5dn6e")
skeleton = NodePath("../..")

[node name="CollisionShape3D" type="CollisionShape3D" parent="Ground"]
transform = Transform3D(1, 0, 0, 0, 0.9396926, 0.34202012, 0, -0.34202012, 0.9396926, 0, 0, 0)
shape = SubResource("BoxShape3D_pf7po")

[node name="WorldEnvironment" type="WorldEnvironment" parent="."]
environment = SubResource("Environment_5dn6e")

[node name="Camera3D" type="Camera3D" parent="."]
transform = Transform3D(-3.4469455e-08, -0.61494607, 0.7885692, -2.6880144e-08, 0.7885692, 0.61494607, -1, 1.7763568e-15, -4.371139e-08, 16.334679, 9.338562, 0)

[node name="DirectionalLight3D" type="DirectionalLight3D" parent="."]
transform = Transform3D(0.25881907, -0.9659259, 7.7134095e-09, 0.2910865, 0.0779964, 0.9535121, -0.9210219, -0.2467871, 0.30135491, 0, 0, 0)

[node name="Tree" parent="." instance=ExtResource("1_pf7po")]
transform = Transform3D(1, 0, 0, 0, 1, 0, 0, 0, 1, -2.8356786, -0.5568772, -2.7701595)

[node name="Tree3" parent="." instance=ExtResource("1_pf7po")]
transform = Transform3D(1, 0, 0, 0, 1, 0, 0, 0, 1, -2.835679, -1.3242626, -12.010675)

[node name="Tree4" parent="." instance=ExtResource("1_pf7po")]
transform = Transform3D(1, 0, 0, 0, 1, 0, 0, 0, 1, 3.4667969, 0.48013067, 0.4857893)

[node name="Tree2" parent="." instance=ExtResource("1_pf7po")]
transform = Transform3D(1, 0, 0, 0, 1, 0, 0, 0, 1, 0, 0.4080832, -0.2981031)
